0	0.969377
0.0001	1.21036
0.0002	0.580993
0.0003	1.17214
0.0004	2.22485
0.0005	0.862075
0.0006	1.16228
0.0007	1.84864
0.0008	3.0714
0.0009	1.95276
0.001	2.54114
0.0011	3.75929
0.0012	4.02808
0.0013	3.3678
0.0014	3.37742
0.0015	4.89308
0.0016	4.45868
0.0017	4.45381
0.0018	5.11194
0.0019	4.90241
0.002	6.62408
0.0021	6.82669
0.0022	6.36188
0.0023	7.26115
0.0024	6.34923
0.0025	7.91155
0.0026	7.7752
0.0027	8.34468
0.0028	7.35836
0.0029	7.57086
0.003	8.83452
0.0031	7.86497
0.0032	9.22216
0.0033	8.71079
0.0034	9.69114
0.0035	8.41125
0.0036	8.81655
0.0037	8.50048
0.0038	10.097
0.0039	9.72649
0.004	9.07927
0.0041	10.0101
0.0042	9.38857
0.0043	10.1895
0.0044	8.89557
0.0045	8.96308
0.0046	9.62041
0.0047	9.4553
0.0048	9.97677
0.0049	9.06984
0.005	10.4564
0.0051	10.1745
0.0052	10.0445
0.0053	9.61941
0.0054	10.2044
0.0055	10.6205
0.0056	9.54097
0.0057	9.02191
0.0058	8.87245
0.0059	8.67054
0.006	9.6259
0.0061	9.30987
0.0062	10.012
0.0063	9.13514
0.0064	9.54288
0.0065	8.26418
0.0066	8.88265
0.0067	8.11255
0.0068	7.63355
0.0069	8.79338
0.007	7.13483
0.0071	7.29024
0.0072	7.11372
0.0073	7.75923
0.0074	7.40042
0.0075	7.92665
0.0076	7.31217
0.0077	6.95412
0.0078	5.81154
0.0079	6.45467
0.008	6.76857
0.0081	5.74516
0.0082	6.23199
0.0083	4.46657
0.0084	5.48788
0.0085	3.57785
0.0086	4.93613
0.0087	3.34987
0.0088	3.89534
0.0089	2.71488
0.009	2.64935
0.0091	2.64497
0.0092	3.05188
0.0093	1.5305
0.0094	2.82702
0.0095	2.10605
0.0096	0.805604
0.0097	-0.0455756
0.0098	0.677912
0.0099	0.518321
0.01	-0.118493
0.0101	0.261219
0.0102	-0.0087408
0.0103	0.0272643
0.0104	-1.73091
0.0105	-2.1813
0.0106	-1.40673
0.0107	-2.79351
0.0108	-1.61892
0.0109	-1.91935
0.011	-2.27725
0.0111	-3.388
0.0112	-3.62493
0.0113	-4.80011
0.0114	-5.04553
0.0115	-5.05888
0.0116	-4.18271
0.0117	-4.1469
0.0118	-5.13987
0.0119	-6.32834
0.012	-6.06041
0.0121	-5.25727
0.0122	-6.54699
0.0123	-7.60566
0.0124	-6.98447
0.0125	-6.2353
0.0126	-7.6608
0.0127	-8.09986
0.0128	-7.59147
0.0129	-7.84796
0.013	-7.32263
0.0131	-8.83955
0.0132	-9.27912
0.0133	-7.90066
0.0134	-9.56154
0.0135	-8.08723
0.0136	-8.56474
0.0137	-10.1352
0.0138	-9.64547
0.0139	-10.0736
0.014	-9.76416
0.0141	-8.94192
0.0142	-10.4339
0.0143	-9.6296
0.0144	-10.417
0.0145	-10.1046
0.0146	-10.5211
0.0147	-10.0639
0.0148	-9.62026
0.0149	-9.35018
0.015	-10.693
0.0151	-9.62243
0.0152	-10.3603
0.0153	-10.8644
0.0154	-10.4779
0.0155	-9.32185
0.0156	-10.486
0.0157	-10.0474
0.0158	-8.9153
0.0159	-9.26334
0.016	-10.2717
0.0161	-9.1762
0.0162	-8.47116
0.0163	-8.82606
0.0164	-9.86572
0.0165	-9.05454
0.0166	-8.37743
0.0167	-9.49352
0.0168	-7.46986
0.0169	-8.59683
0.017	-8.63933
0.0171	-7.39179
0.0172	-7.89457
0.0173	-7.21944
0.0174	-7.71206
0.0175	-7.41691
0.0176	-7.62424
0.0177	-6.35949
0.0178	-6.29176
0.0179	-5.1944
0.018	-6.66539
0.0181	-5.04753
0.0182	-4.99695
0.0183	-5.77282
0.0184	-5.30709
0.0185	-3.96714
0.0186	-4.77176
0.0187	-3.11684
0.0188	-4.38959
0.0189	-2.62565
0.019	-3.50356
0.0191	-2.64249
0.0192	-1.8282
0.0193	-2.43737
0.0194	-1.70761
0.0195	-2.44471
0.0196	-1.37393
0.0197	-1.00323
0.0198	-1.49517
0.0199	-0.615054
0.02	0.659991
0.0201	0.82042
0.0202	0.0596177
0.0203	0.795593
0.0204	1.9393
0.0205	1.64283
0.0206	1.58504
0.0207	1.89672
0.0208	3.42942
0.0209	1.87778
0.021	3.98057
0.0211	3.62596
0.0212	3.64792
0.0213	3.27011
0.0214	4.43085
0.0215	4.22838
0.0216	4.74074
0.0217	4.48962
0.0218	6.34223
0.0219	5.76689
0.022	6.25761
0.0221	5.77854
0.0222	6.65948
0.0223	6.46388
0.0224	7.72496
0.0225	7.82967
0.0226	6.91883
0.0227	8.19203
0.0228	8.41729
0.0229	7.64333
0.023	8.00837
0.0231	7.39942
0.0232	7.57334
0.0233	9.50649
0.0234	9.27266
0.0235	8.52693
0.0236	8.05561
0.0237	10.0203
0.0238	8.30413
0.0239	9.06898
0.024	8.57145
0.0241	9.50155
0.0242	10.4993
0.0243	8.77095
0.0244	9.80387
0.0245	10.5985
0.0246	9.81382
0.0247	10.236
0.0248	10.5376
0.0249	10.9872
0.025	10.4458
0.0251	10.2681
0.0252	9.14988
0.0253	10.774
0.0254	8.9447
0.0255	10.085
0.0256	10.0119
0.0257	10.2896
0.0258	9.85864
0.0259	9.09922
0.026	9.83445
0.0261	8.56916
0.0262	9.14133
0.0263	8.84581
0.0264	9.1223
0.0265	9.14769
0.0266	8.59229
0.0267	8.08069
0.0268	8.36513
0.0269	7.60507
0.027	7.4416
0.0271	8.11595
0.0272	8.33576
0.0273	6.75134
0.0274	6.85615
0.0275	6.39677
0.0276	6.91557
0.0277	6.66656
0.0278	5.48507
0.0279	6.37233
0.028	6.35467
0.0281	6.02164
0.0282	6.1152
0.0283	4.41487
0.0284	5.49999
0.0285	4.23215
0.0286	3.88745
0.0287	3.26509
0.0288	3.17503
0.0289	4.22521
0.029	2.46697
0.0291	2.54069
0.0292	2.96902
0.0293	1.88811
0.0294	1.14146
0.0295	1.32224
0.0296	0.389364
0.0297	0.669008
0.0298	0.97551
0.0299	-0.0112815
0.03	0.729654
0.0301	-1.26167
0.0302	-0.908062
0.0303	-0.35781
0.0304	-1.69622
0.0305	-1.67425
0.0306	-1.98676
0.0307	-2.34582
0.0308	-3.07097
0.0309	-3.66604
0.031	-3.45151
0.0311	-3.02032
0.0312	-2.78469
0.0313	-4.88151
0.0314	-4.38615
0.0315	-4.1712
0.0316	-5.2604
0.0317	-4.5633
0.0318	-5.05286
0.0319	-4.70236
0.032	-5.48841
0.0321	-6.73612
0.0322	-5.69455
0.0323	-6.57012
0.0324	-6.30519
0.0325	-8.05414
0.0326	-7.75773
0.0327	-7.13549
0.0328	-7.09697
0.0329	-7.51494
0.033	-8.39238
0.0331	-7.51425
0.0332	-8.58935
0.0333	-8.5023
0.0334	-7.81427
0.0335	-9.70558
0.0336	-9.19036
0.0337	-9.83139
0.0338	-9.95248
0.0339	-9.80637
0.034	-9.57968
0.0341	-9.6879
0.0342	-9.14709
0.0343	-9.12582
0.0344	-9.959
0.0345	-9.59983
0.0346	-10.1007
0.0347	-10.4523
0.0348	-10.0641
0.0349	-9.4295
0.035	-9.41501
0.0351	-9.88563
0.0352	-10.216
0.0353	-9.68967
0.0354	-9.2031
0.0355	-9.93467
0.0356	-9.39407
0.0357	-10.712
0.0358	-9.03864
0.0359	-10.2418
0.036	-9.02907
0.0361	-9.92003
0.0362	-9.86531
0.0363	-8.21094
0.0364	-8.68521
0.0365	-9.80433
0.0366	-9.11916
0.0367	-8.95544
0.0368	-7.869
0.0369	-9.17117
0.037	-7.92324
0.0371	-8.19991
0.0372	-7.98384
0.0373	-6.71989
0.0374	-7.89332
0.0375	-7.84129
0.0376	-7.26851
0.0377	-5.73761
0.0378	-5.70992
0.0379	-6.04065
0.038	-6.42034
0.0381	-5.18351
0.0382	-5.79525
0.0383	-6.00543
0.0384	-5.05142
0.0385	-4.83073
0.0386	-3.6277
0.0387	-4.34857
0.0388	-3.01345
0.0389	-3.36158
0.039	-3.80381
0.0391	-3.29137
0.0392	-3.21165
0.0393	-1.4424
0.0394	-1.53266
0.0395	-1.05796
0.0396	-1.76182
0.0397	-0.20139
0.0398	-1.57481
0.0399	0.207515
0.04	0.490632
0.0401	0.54067
0.0402	0.275782
0.0403	0.0102337
0.0404	0.806247
0.0405	1.93247
0.0406	2.15778
0.0407	3.13759
0.0408	2.28629
0.0409	3.16784
0.041	2.90714
0.0411	2.95873
0.0412	4.23731
0.0413	3.98666
0.0414	3.59204
0.0415	3.60155
0.0416	5.69186
0.0417	6.04015
0.0418	4.70857
0.0419	4.79482
0.042	5.6022
0.0421	5.89088
0.0422	6.39137
0.0423	7.45668
0.0424	7.54555
0.0425	7.70498
0.0426	7.57933
0.0427	8.27321
0.0428	7.37117
0.0429	7.89122
0.043	7.6254
0.0431	8.89763
0.0432	7.56804
0.0433	9.26331
0.0434	7.93047
0.0435	8.84226
0.0436	8.60008
0.0437	8.7932
0.0438	8.83157
0.0439	8.55368
0.044	9.73443
0.0441	9.66607
0.0442	10.4218
0.0443	10.7413
0.0444	10.2281
0.0445	9.33863
0.0446	10.5833
0.0447	10.5111
0.0448	9.80503
0.0449	10.2155
0.045	10.5394
0.0451	10.5375
0.0452	10.0825
0.0453	10.6243
0.0454	9.32758
0.0455	10.2217
0.0456	10.3708
0.0457	9.15993
0.0458	9.64251
0.0459	9.0839
0.046	9.41779
0.0461	9.8218
0.0462	8.66697
0.0463	9.94756
0.0464	8.51302
0.0465	7.9998
0.0466	8.84677
0.0467	8.13002
0.0468	9.03049
0.0469	9.03785
0.047	8.79715
0.0471	8.6188
0.0472	6.84385
0.0473	7.7066
0.0474	7.59765
0.0475	6.59162
0.0476	7.15916
0.0477	6.67259
0.0478	5.47759
0.0479	6.11948
0.048	6.85569
0.0481	4.81064
0.0482	5.48652
0.0483	4.67862
0.0484	4.48416
0.0485	4.78107
0.0486	3.78161
0.0487	3.72999
0.0488	3.80449
0.0489	3.88203
0.049	2.21107
0.0491	1.92635
0.0492	1.6249
0.0493	1.94649
0.0494	2.35368
0.0495	2.31783
0.0496	1.38851
0.0497	0.174035
0.0498	1.19292
0.0499	0.858192
0.05	0.396661
0.0501	-0.438685
0.0502	-1.45939
0.0503	-0.7671
0.0504	-1.25803
0.0505	-2.08949
0.0506	-0.985045
0.0507	-1.55663
0.0508	-3.31505
0.0509	-3.75913
0.051	-2.65718
0.0511	-3.65733
0.0512	-4.4545
0.0513	-3.80532
0.0514	-3.9691
0.0515	-5.26376
0.0516	-5.78522
0.0517	-5.57406
0.0518	-6.15262
0.0519	-5.99276
0.052	-6.59378
0.0521	-6.90526
0.0522	-6.48719
0.0523	-6.05374
0.0524	-6.03026
0.0525	-7.46407
0.0526	-7.42189
0.0527	-7.19326
0.0528	-7.21345
0.0529	-8.65617
0.053	-8.37538
0.0531	-8.60078
0.0532	-9.39968
0.0533	-8.25679
0.0534	-8.10358
0.0535	-9.01855
0.0536	-8.96402
0.0537	-9.72443
0.0538	-9.18322
0.0539	-9.68479
0.054	-8.68635
0.0541	-8.78176
0.0542	-9.67068
0.0543	-10.1549
0.0544	-8.84414
0.0545	-9.03083
0.0546	-9.7498
0.0547	-9.10717
0.0548	-10.0426
0.0549	-10.5558
0.055	-10.44
0.0551	-10.1456
0.0552	-9.2459
0.0553	-9.55015
0.0554	-9.12128
0.0555	-9.95432
0.0556	-10.239
0.0557	-9.17824
0.0558	-8.90792
0.0559	-10.3027
0.056	-9.20556
0.0561	-9.44513
0.0562	-9.2438
0.0563	-8.3674
0.0564	-8.07136
0.0565	-9.12695
0.0566	-8.23587
0.0567	-8.4418
0.0568	-8.53496
0.0569	-9.12834
0.057	-8.70898
0.0571	-7.92291
0.0572	-6.95164
0.0573	-8.24442
0.0574	-7.78008
0.0575	-7.23523
0.0576	-6.11267
0.0577	-7.39501
0.0578	-6.52026
0.0579	-5.73299
0.058	-5.348
0.0581	-6.15334
0.0582	-5.28631
0.0583	-4.10874
0.0584	-4.894
0.0585	-4.126
0.0586	-3.556
0.0587	-4.45078
0.0588	-3.96626
0.0589	-3.48378
0.059	-3.77718
0.0591	-3.51565
0.0592	-2.93728
0.0593	-2.74594
0.0594	-0.891099
0.0595	-2.37078
0.0596	-1.16032
0.0597	0.0186918
0.0598	-0.670019
0.0599	0.383434
0.06	0.349655
0.0601	-0.65821
0.0602	0.959854
0.0603	0.621039
0.0604	1.72447
0.0605	0.90642
0.0606	1.09436
0.0607	3.04226
0.0608	2.06422
0.0609	1.86115
0.061	2.20766
0.0611	3.43909
0.0612	4.1987
0.0613	4.21695
0.0614	4.26254
0.0615	3.89886
0.0616	5.5171
0.0617	4.22993
0.0618	5.72318
0.0619	6.35697
0.062	6.39037
0.0621	6.04579
0.0622	7.14432
0.0623	6.42294
0.0624	6.42129
0.0625	7.81078
0.0626	7.6028
0.0627	7.75246
0.0628	6.80085
0.0629	7.88034
0.063	7.58722
0.0631	8.40003
0.0632	7.46001
0.0633	9.32109
0.0634	7.89428
0.0635	9.8559
0.0636	9.13772
0.0637	9.53551
0.0638	9.25343
0.0639	9.34253
0.064	8.98221
0.0641	10.0389
0.0642	10.0473
0.0643	10.6258
0.0644	8.83211
0.0645	9.72966
0.0646	10.6359
0.0647	9.58783
0.0648	9.03748
0.0649	9.66629
0.065	10.8216
0.0651	9.10695
0.0652	10.0951
0.0653	9.64297
0.0654	9.93653
0.0655	10.3111
0.0656	8.85312
0.0657	10.1903
0.0658	9.3146
0.0659	10.514
0.066	9.28508
0.0661	10.3691
0.0662	9.63536
0.0663	9.17227
0.0664	9.93743
0.0665	9.35558
0.0666	8.77154
0.0667	8.48509
0.0668	9.04191
0.0669	7.55111
0.067	8.21598
0.0671	8.83556
0.0672	7.73077
0.0673	7.79181
0.0674	7.87595
0.0675	6.63083
0.0676	6.62699
0.0677	5.92797
0.0678	7.29538
0.0679	5.57512
0.068	5.84126
0.0681	5.56305
0.0682	4.63527
0.0683	5.03559
0.0684	5.26026
0.0685	5.33493
0.0686	4.13469
0.0687	3.12543
0.0688	3.37638
0.0689	3.52303
0.069	2.12241
0.0691	2.11384
0.0692	2.48201
0.0693	3.08383
0.0694	2.09077
0.0695	2.27622
0.0696	0.605018
0.0697	1.4629
0.0698	0.211443
0.0699	1.07185
0.07	-0.116811
0.0701	0.435174
0.0702	-1.19443
0.0703	-1.85557
0.0704	-1.62052
0.0705	-0.995969
0.0706	-1.42778
0.0707	-2.74265
0.0708	-2.39705
0.0709	-3.25767
0.071	-3.42994
0.0711	-3.85926
0.0712	-4.35006
0.0713	-4.53452
0.0714	-3.37003
0.0715	-4.21147
0.0716	-4.83663
0.0717	-5.45025
0.0718	-6.04797
0.0719	-5.80073
0.072	-5.37184
0.0721	-6.86179
0.0722	-7.29777
0.0723	-5.9413
0.0724	-7.34585
0.0725	-6.41447
0.0726	-7.61789
0.0727	-7.32291
0.0728	-8.33774
0.0729	-8.58987
0.073	-8.25488
0.0731	-8.0868
0.0732	-7.61749
0.0733	-7.85204
0.0734	-9.40851
0.0735	-8.38863
0.0736	-9.00377
0.0737	-10.0142
0.0738	-10.1396
0.0739	-8.94782
0.074	-9.92519
0.0741	-10.0936
0.0742	-9.62504
0.0743	-10.7446
0.0744	-9.25495
0.0745	-9.50869
0.0746	-10.2125
0.0747	-9.99123
0.0748	-10.415
0.0749	-10.9045
0.075	-10.3268
0.0751	-10.9889
0.0752	-10.3594
0.0753	-10.6342
0.0754	-9.8408
0.0755	-9.97852
0.0756	-10.1738
0.0757	-9.63011
0.0758	-9.78373
0.0759	-8.66374
0.076	-8.57435
0.0761	-9.62154
0.0762	-9.18385
0.0763	-9.06316
0.0764	-8.44227
0.0765	-8.61992
0.0766	-9.49199
0.0767	-8.53316
0.0768	-8.39367
0.0769	-7.94492
0.077	-7.1629
0.0771	-7.43874
0.0772	-6.74297
0.0773	-8.35113
0.0774	-7.97217
0.0775	-7.00749
0.0776	-6.97002
0.0777	-6.01011
0.0778	-5.80401
0.0779	-5.69964
0.078	-5.80796
0.0781	-6.59098
0.0782	-4.36461
0.0783	-5.74988
0.0784	-4.60091
0.0785	-4.82727
0.0786	-4.61913
0.0787	-4.62902
0.0788	-4.41375
0.0789	-2.62295
0.079	-3.85144
0.0791	-3.71898
0.0792	-1.84479
0.0793	-2.71796
0.0794	-2.82732
0.0795	-1.14855
0.0796	-1.33794
0.0797	-0.184802
0.0798	-0.242431
0.0799	0.161735
0.08	-0.276512
0.0801	0.694918
0.0802	0.630641
0.0803	1.27823
0.0804	1.11013
0.0805	0.646125
0.0806	2.40997
0.0807	2.1902
0.0808	1.56286
0.0809	2.90658
0.081	3.38026
0.0811	2.51867
0.0812	2.90094
0.0813	3.46361
0.0814	3.34526
0.0815	4.5672
0.0816	4.65927
0.0817	4.28652
0.0818	5.53386
0.0819	5.74998
0.082	6.69972
0.0821	6.55485
0.0822	5.67182
0.0823	5.81839
0.0824	7.46554
0.0825	7.40122
0.0826	7.64194
0.0827	8.39552
0.0828	6.92273
0.0829	8.06995
0.083	7.77683
0.0831	9.13966
0.0832	9.1112
0.0833	9.13068
0.0834	9.14256
0.0835	8.06746
0.0836	10.0387
0.0837	9.58635
0.0838	9.00718
0.0839	10.3704
0.084	8.58723
0.0841	9.70801
0.0842	10.6049
0.0843	9.62325
0.0844	10.5431
0.0845	9.56556
0.0846	9.62039
0.0847	9.01753
0.0848	9.74924
0.0849	9.14438
0.085	9.68942
0.0851	9.61901
0.0852	10.9051
0.0853	9.46797
0.0854	9.5512
0.0855	10.5533
0.0856	10.671
0.0857	10.5032
0.0858	9.47701
0.0859	9.00955
0.086	9.54525
0.0861	9.28608
0.0862	9.46966
0.0863	9.31938
0.0864	9.19855
0.0865	9.52461
0.0866	7.87926
0.0867	9.56971
0.0868	8.38361
0.0869	8.12493
0.087	7.7448
0.0871	8.49584
0.0872	6.98467
0.0873	6.65242
0.0874	7.81894
0.0875	6.29186
0.0876	5.9442
0.0877	6.11029
0.0878	6.30397
0.0879	6.26687
0.088	6.64209
0.0881	4.7068
0.0882	5.30908
0.0883	4.45926
0.0884	4.36323
0.0885	3.79904
0.0886	3.36958
0.0887	4.78647
0.0888	2.99494
0.0889	3.99526
0.089	3.92927
0.0891	2.136
0.0892	1.53791
0.0893	2.09886
0.0894	1.12656
0.0895	0.884521
0.0896	1.50152
0.0897	0.0970113
0.0898	1.17736
0.0899	-0.61112
0.09	-0.821338
0.0901	0.680084
0.0902	-0.162445
0.0903	-0.739633
0.0904	-1.56215
0.0905	-0.846417
0.0906	-2.41833
0.0907	-3.11234
0.0908	-2.02243
0.0909	-2.93988
0.091	-3.89828
0.0911	-3.05538
0.0912	-3.01149
0.0913	-3.11517
0.0914	-4.56163
0.0915	-5.21759
0.0916	-4.30113
0.0917	-4.22222
0.0918	-6.16839
0.0919	-4.62716
0.092	-6.54815
0.0921	-6.98345
0.0922	-5.98063
0.0923	-6.79821
0.0924	-6.77913
0.0925	-7.89982
0.0926	-6.48697
0.0927	-7.92413
0.0928	-7.63327
0.0929	-7.40964
0.093	-7.62019
0.0931	-8.67926
0.0932	-7.66053
0.0933	-8.35208
0.0934	-8.83629
0.0935	-8.62931
0.0936	-8.70782
0.0937	-8.33349
0.0938	-8.91974
0.0939	-8.53654
0.094	-8.84906
0.0941	-8.97025
0.0942	-9.77661
0.0943	-10.0078
0.0944	-9.95798
0.0945	-10.6201
0.0946	-9.01182
0.0947	-9.54438
0.0948	-10.4394
0.0949	-9.36163
0.095	-10.9501
0.0951	-9.86403
0.0952	-9.11951
0.0953	-10.7319
0.0954	-10.8883
0.0955	-10.6051
0.0956	-9.90194
0.0957	-10.7365
0.0958	-9.88676
0.0959	-9.65839
0.096	-9.22705
0.0961	-10.4077
0.0962	-9.98287
0.0963	-8.28074
0.0964	-8.55313
0.0965	-8.14097
0.0966	-9.45059
0.0967	-9.38023
0.0968	-8.11926
0.0969	-8.92388
0.097	-8.00796
0.0971	-7.17071
0.0972	-8.66247
0.0973	-8.45205
0.0974	-7.73002
0.0975	-6.81367
0.0976	-6.66787
0.0977	-6.55648
0.0978	-6.66011
0.0979	-6.24162
0.098	-5.75771
0.0981	-5.26823
0.0982	-5.38676
0.0983	-5.38245
0.0984	-4.24895
0.0985	-4.39587
0.0986	-5.0821
0.0987	-4.76365
0.0988	-4.04629
0.0989	-3.10697
0.099	-2.37531
0.0991	-3.3428
0.0992	-2.27536
0.0993	-1.80566
0.0994	-1.80403
0.0995	-1.95278
0.0996	-1.88208
0.0997	0.0509752
0.0998	-1.06271
0.0999	-0.137535
